Line coverage for model/ (stdlib trace)

criterion.py: 206/229 lines (90.0%)
  missed: 3, 19, 26, 39, 42, 59, 61, 153, 173, 174, 175, 176, 177, 178, 179, 180, 181, 182, 209, 253, 266, 273, 274
pim.py: 89/103 lines (86.4%)
  missed: 10, 11, 12, 13, 14, 15, 16, 17, 18, 19, 20, 21, 22, 94
pimfile.py: 68/85 lines (80.0%)
  missed: 11, 12, 13, 14, 15, 16, 40, 55, 56, 57, 58, 59, 60, 83, 94, 96, 99
pir.py: 299/407 lines (73.5%)
  missed: 3, 4, 20, 42, 55, 64, 79, 87, 93, 102, 108, 111, 113, 139, 145, 152, 153, 157, 160, 162, 174, 190, 202, 213, 214, 215, 216, 217, 218, 219, 220, 224, 227, 230, 236, 246, 249, 252, 285, 293, 302, 318, 336, 339, 340, 341, 342, 343, 344, 345, 354, 364, 382, 392, 396, 397, 398, 399, 411, 414, 415, 416, 417, 418, 419, 420, 421, 422, 423, 424, 425, 426, 435, 445, 454, 456, 460, 461, 462, 463, 464, 465, 466, 467, 468, 469, 470, 471, 472, 473, 474, 475, 484, 487, 488, 489, 490, 491, 492, 493, 497, 498, 499, 500, 501, 506, 509, 510

TOTAL model/: 662/824 lines (80.3%)
